%YAML:1.0
---
HOGdiver96x160: !!opencv-object-detector-hog
   winSize: [ 80, 120 ]
   blockSize: [ 16, 16 ]
   blockStride: [ 8, 8 ]
   cellSize: [ 8, 8 ]
   nbins: 9
   derivAperture: 1
   winSigma: 4.
   histogramNormType: 0
   L2HysThreshold: 2.0000000000000001e-01
   gammaCorrection: 1
   nlevels: 64
   signedGradient: 0
   SVMDetector: [ -1.48093968e-03, -9.72020207e-04, -6.04941626e-04,
       -1.02678430e-03, -7.59813120e-04, -4.34201880e-04,
       -1.03550358e-03, -1.29555608e-03, -1.39446551e-04, 5.63006673e-04,
       -1.38482748e-04, -3.84563667e-04, -1.42497686e-03,
       -2.36952002e-03, -1.80692365e-03, -1.59749109e-03,
       -1.15767133e-03, 6.75485586e-04, 2.58167251e-03, -1.13971392e-03,
       -1.60803553e-03, -1.16486370e-03, -1.00919395e-03,
       -7.91120692e-04, -1.88258034e-03, -5.34097897e-04, 2.32142559e-03,
       2.63594720e-03, -6.22800668e-04, -1.03025918e-03, -1.42186519e-03,
       -2.58935778e-03, -1.79069838e-03, -2.53768894e-03,
       -1.03523338e-03, 3.10526066e-03, 1.33428338e-03, 2.58692744e-04,
       -2.14712738e-04, -1.76045555e-03, -2.96519394e-03,
       -1.68075995e-03, -1.02328439e-03, -2.38904846e-04, 1.02310092e-03,
       2.36539170e-03, 7.54774897e-04, -3.68063156e-05, -1.28537428e-03,
       -2.90988502e-03, -2.39166664e-03, -1.37982471e-03,
       -7.37049093e-04, 2.78355117e-04, 3.95374652e-03, 6.89847802e-04,
       1.27044259e-04, -9.35186690e-04, -2.96992483e-03, -1.57644367e-03,
       -3.05639510e-03, -5.55275066e-04, 3.95324267e-03, 4.07013483e-03,
       7.93141080e-04, 2.32176375e-04, -7.31419947e-04, -2.84108706e-03,
       -2.09436333e-03, -3.04257777e-03, -1.50829135e-03, 3.00056161e-03,
       2.35292595e-03, 1.34925032e-03, 5.81860077e-04, -4.31668246e-04,
       -2.04886915e-03, -2.06436915e-03, -2.05924222e-03,
       -1.01358979e-03, 3.68828973e-04, 2.72101257e-03, 8.66991642e-04,
       7.16246650e-05, -8.41911940e-04, -1.97325600e-03, -2.18393281e-03,
       -2.09640828e-03, -1.12863572e-03, 4.72450716e-04, 3.30194645e-03,
       9.41560953e-04, -6.09489973e-04, -1.03439705e-03, -1.67363894e-03,
       -1.91002979e-03, -2.25403788e-03, -1.65845640e-03, 2.33754958e-03,
       1.86272745e-03, 9.08961752e-04, -1.52770372e-03, -1.61840522e-03,
       -1.91814825e-03, -2.12091790e-03, -2.22249515e-03,
       -1.86868396e-03, 1.62691216e-03, 2.06293771e-03, 6.84285187e-05,
       -2.30212099e-04, -8.55994993e-04, -1.67557842e-03,
       -1.85833871e-03, -1.59222842e-03, -6.74955081e-04, 1.02531270e-03,
       1.79914967e-03, -3.75520671e-04, -3.43566877e-04, -1.04468514e-03,
       -1.39946712e-03, -2.18408485e-03, -2.02198792e-03,
       -1.51627709e-03, 1.01276231e-03, 2.02379585e-03, -6.73808157e-04,
       -1.08690932e-03, -6.23251894e-04, -1.82139652e-03,
       -1.57509116e-03, -1.81894959e-03, -7.86545046e-04, 1.63943158e-03,
       2.26471876e-03, -1.45973929e-03, -5.71067038e-04, -5.83019282e-04,
       -1.56558782e-03, -2.27612839e-03, -2.09827628e-03,
       -1.20844843e-03, 1.63943158e-03, 3.77592747e-04, -1.18527480e-03,
       -5.98486979e-04, -7.58732669e-04, -7.01853714e-04,
       -8.85896443e-04, -2.46054213e-03, -1.74715172e-03, 7.66022480e-04,
       3.48903239e-04, -1.36592251e-03, -8.61968438e-04, -6.38412719e-04,
       -5.38826105e-04, -5.71056094e-04, -1.29498728e-03,
       -9.56094242e-04, 1.11103861e-03, 1.11103861e-03, -1.09637482e-03,
       -2.62135785e-04, -3.03271954e-04, -5.84378198e-04,
       -1.20049738e-03, -1.78158132e-03, -1.51233037e-03, 1.11103861e-03,
       1.11103861e-03, -1.30020780e-03, -4.18458600e-04, -1.95730012e-04,
       -2.79976695e-04, -2.38553097e-04, -3.77773482e-04,
       -4.17799281e-04, 1.11103861e-03, 1.02722435e-03, -1.23829732e-03,
       -7.20794080e-04, -2.77027430e-04, -5.20785805e-04,
       -5.88618102e-04, -3.66798980e-04, -1.05641538e-03, 3.69933987e-04,
       1.02722435e-03, -1.70801033e-03, -1.60358474e-03, -1.56846899e-03,
       -1.86247018e-03, -1.29477168e-03, -1.76159735e-03,
       -4.71713109e-04, 1.24449295e-03, 1.02722435e-03, -9.40266356e-04,
       -3.45324836e-04, -1.72834727e-04, -2.94511003e-04,
       -2.30876540e-04, -1.34486050e-04, -3.84669373e-04, 1.02722435e-03,
       1.02722435e-03, -8.19667708e-04, -4.92883672e-04, -1.91943778e-03,
       -2.41168891e-03, -1.36577012e-03, -1.46998873e-03,
       -1.78724531e-05, 1.02722435e-03, 1.50993024e-03, -6.45425986e-04,
       -1.36836746e-03, -2.53513642e-03, -2.45021028e-03,
       -1.81675667e-03, -1.03360706e-03, 7.41251395e-04, 2.53731105e-03,
       1.68822240e-03, -1.18755130e-03, -1.27290376e-03, -2.50968128e-03,
       -2.48906226e-03, -2.41682795e-03, -7.24252313e-04, 5.14079700e-04,
       2.83074891e-03, 2.05899100e-03, -2.12337080e-04, -4.71838284e-04,
       -2.40822462e-03, -2.49964814e-03, -1.92489137e-03,
       -8.82823602e-04, 1.15430693e-03, 2.37563136e-03, 1.08124793e-03,
       -6.29047630e-04, -9.89331282e-04, -2.38990644e-03,
       -2.43735756e-03, -2.22764234e-03, -1.93610860e-04, 2.48068315e-03,
       2.64209881e-03, 1.36570982e-03, -1.28162443e-03, -1.50603906e-03,
       -2.32914323e-03, -2.37113517e-03, -2.44774320e-03,
       -1.05015025e-03, 8.99134611e-05, 2.60558329e-03, 8.30964767e-04,
       1.27708050e-03, -3.96375253e-04, -6.18992548e-04, -1.48473238e-03,
       -1.37100334e-03, -2.42798778e-05, 5.27995871e-04, 2.40567746e-03,
       1.18703094e-04, -1.23514782e-03, -1.96653232e-03, -2.34305556e-03,
       -2.13455991e-03, -2.01200810e-03, -8.45579780e-04, 1.03352999e-03,
       1.84923667e-03, 2.73659534e-04, -4.70707564e-05, -5.48565062e-04,
       -4.48287959e-04, -4.48872597e-04, -2.44776980e-04,
       -3.06749280e-04, 1.42381046e-04, 1.12257246e-03, -1.52164997e-04,
       1.88425649e-03, 2.55115039e-04, -4.28499297e-05, -2.90520577e-04,
       -3.05585738e-04, 2.30607984e-04, 5.42900292e-04, -2.94281694e-04,
       -1.52164997e-04, 1.36009860e-03, 4.87615907e-05, 6.05121080e-04,
       1.41254161e-04, 6.61375816e-05, 1.84999619e-04, 4.55939793e-04,
       -3.50821327e-04, -1.36332645e-03, 1.20278593e-04, 3.76825861e-04,
       2.71140423e-04, -7.52931464e-06, 1.52501787e-04, 2.15469569e-04,
       8.09578109e-04, -4.07904678e-04, -1.52164997e-04, 5.99370280e-04,
       8.75768601e-05, 6.60231337e-04, 1.22041274e-04, 2.41824455e-04,
       5.11773222e-04, 9.30514594e-04, -1.52164997e-04, -7.18086949e-06,
       9.59214696e-04, 1.40679782e-04, 5.98399725e-04, 4.11789544e-04,
       2.53669830e-04, 9.16331701e-05, 9.08618022e-05, -1.19491061e-03,
       -7.18086949e-06, 1.55423733e-03, 2.12178085e-04, 1.57474366e-04,
       3.68926878e-04, 1.29044682e-04, 1.04228038e-05, 2.41000089e-04,
       -1.76665699e-03, -7.18086949e-06, 1.61181029e-03, -6.94680421e-05,
       1.18007546e-03, 5.21855836e-04, 4.09653585e-04, 1.13132519e-04,
       2.47473799e-04, -5.25722513e-04, -7.18086949e-06, 2.22717528e-03,
       -4.15808317e-05, 7.00993347e-04, 3.23158660e-04, 6.63221290e-05,
       -3.64116655e-04, 1.82045289e-04, -1.17137446e-03, 1.48324369e-04,
       1.87636679e-03, 3.13611345e-05, -9.63113853e-05, 1.76061119e-04,
       3.22672204e-05, 1.80692237e-04, 9.08870716e-04, -1.28792971e-03,
       -1.83975382e-03, 5.39344968e-04, -1.60405834e-04, -4.77498943e-05,
       1.08837499e-04, 1.22725214e-05, 4.37102339e-04, 1.79966725e-03,
       -1.46443397e-03, 2.98782892e-04, 1.67308678e-03, 1.66000318e-04,
       -7.46239821e-05, -3.42471139e-05, -2.86468217e-04,
       -2.91040866e-04, 2.26730504e-03, -3.18369857e-04, -2.33107829e-03,
       -8.15153089e-06, 7.58285387e-05, 1.64331032e-05, 2.75827006e-06,
       -4.30187676e-04, 1.98872876e-04, 2.94719404e-03, -1.61091681e-04,
       -2.58674449e-03, 1.35509152e-04, 2.29099343e-04, 8.93436008e-05,
       2.62727903e-04, 2.31344937e-04, 8.66196642e-04, 1.95626169e-03,
       -1.42800633e-03, -2.97400099e-03, -1.56552866e-04, 3.71156435e-04,
